1, -14, 21, -1, 1, 0, -3, 2
-10, -9, -4, -1, 0, -4, -14, -40
0, -31, 4, 5, -2, 1, -3, 6
-2, -4, -5, -20, -1, 0, 0, 4
0, 11, 6, 14, 0, 1, 0, -7
-7, -12, -17, -25, -9, -3, -1, -5
-9, -36, -60, -15, -9, -2, 5, -5
1, 5, 10, 17, -7, 1, 5, -1
1, 2, -1, -9, 4, 1, 3, 3
24, 37, 7, 30, 16, 2, 0, -18
-88, -103, -24, -8, -24, -14, 0, 21
16, 29, 56, 11, -4, 1, 4, 17
-22, 5, 79, 15, -1, -6, 1, -7
-20, -85, -48, -7, -7, -9, -8, -10
-5, -6, -25, -22, -9, -5, -9, -4
-2, -8, -118, -11, -5, -2, 7, -2
5, 13, 24, -7, -2, -3, 3, 4
1, 3, -12, 26, -1, 0, -6, 1
6, 6, 13, 23, 6, 4, 2, 4
-4, -4, -17, -2, -1, -2, 0, 1
-2, -16, -7, -1, 0, -1, -2, 2
0, 18, 20, -4, 0, -2, -6, -11
7, 7, 4, 6, 2, 1, 2, -2
6, 14, -10, -41, -3, 1, 2, 7
2, 28, 8, 12, 3, -1, 1, 11
1, -7, 1, -3, -5, -3, 0, -13
0, 14, -18, -1, 0, 0, 0, 2
5, 1, 5, 4, -1, -1, 1, 6
-2, -12, -7, -4, -2, -2, 1, -5
5, 23, 20, -3, -2, -1, 1, 3
-1, 0, 12, 1, -2, -1, -2, -2
-5, -23, -1, 0, -2, -1, 0, 1
4, -10, -6, 8, 0, 3, -1, 1
20, 37, 23, -3, -5, 1, -1, -18
4, 7, 19, -4, 3, 0, 1, -1
4, 18, 11, -2, 1, 1, 0, 2
1, 15, 39, 6, 1, 2, -1, 12
-8, 17, -9, -18, -3, 0, -2, -10
8, 0, 0, -3, -1, 1, -1, 5
5, 9, 12, -8, -1, 0, -5, 0
0, -1, -7, -7, 0, -1, 1, 16
4, -9, 1, -3, -3, -4, -1, -12
-4, -10, -31, -10, -3, -4, -4, -2
1, 15, 1, -4, -2, -2, 1, 0
-3, -8, -7, -3, -3, -2, -2, 0
0, 6, 3, -1, -3, -2, -1, -1
4, 21, -9, 6, -2, -2, 1, 2
-3, 9, -16, -11, -2, 1, 1, 17
2, 17, -35, -4, -2, 0, -3, -13
-1, 1, -9, -14, -4, -2, -2, 4
6, 8, 1, -1, 0, 0, 2, 8
6, 7, -11, -3, 1, 1, 4, 15
-8, -16, -3, -1, -1, -2, 2, -7
2, 6, -18, -3, 0, -1, 0, 12
-10, -36, -3, 2, 1, 1, 1, -20
1, -11, 9, 0, -2, 1, 3, -4
3, -1, 3, -1, 0, 0, 8, 26
-2, -10, -1, -4, -2, -2, -3, 20
-3, -17, 3, 1, -1, 1, -3, -1
-6, -1, 3, 0, -2, -5, -8, -16
1, 24, 5, 6, 0, 0, 3, -3
-6, -19, -8, -3, -2, -2, -3, -26
-2, -7, -2, -3, 0, -2, -12, -1
-3, 7, 7, -2, 0, -1, -3, -4
0, 3, -6, -1, 0, 0, -9, 8
-8, -3, -6, -2, -1, -2, 3, -13
6, 2, -1, -1, -2, 0, 11, 8
-2, -13, -17, -5, -2, -2, -7, 2
-2, 5, 7, 4, 0, 1, 0, -3
0, -1, 2, 2, 2, 0, -5, 10
-1, -13, -1, -5, -1, 0, 0, -4
-7, -21, -2, 1, -1, -3, 1, -11
6, -14, -7, 2, -3, -2, 1, 7
-3, -11, -1, 0, -2, -2, 5, 5
0, -8, 9, 2, -1, 1, 4, 0
-6, -31, -5, -1, -3, -2, 7, 7
0, -12, 3, 2, 0, 0, -3, 31
-3, -15, -18, -3, -1, -3, 0, 3
1, -13, 4, 1, -1, -1, -3, 6
-1, -10, -5, 0, 0, 0, 0, 7
1, -10, -4, 0, 3, 2, 0, 2
0, 3, -3, -4, 0, 0, 4, 8
2, 18, 4, -2, -1, 0, 3, 10
-1, -3, 4, 2, 0, 0, -2, -2
-3, -26, -3, -2, -3, -3, -2, -1
-1, 2, -13, -2, 0, -1, 2, 0
-1, -7, -7, -1, 2, -1, -3, 7
-5, 1, -3, -6, 0, 2, 3, -2
1, 15, -2, -1, 0, -2, 1, -6
-2, -4, 3, -4, 0, -2, -2, 4
3, 6, 1, 3, -2, -1, 1, 4
1, -18, -2, -5, -2, -2, -2, 6
-3, 4, -5, -2, -1, 1, 0, 5
-1, 24, 1, 1, 1, 0, 2, 10
-2, 2, 3, 0, -1, -2, 2, -3
2, -13, 2, -2, -1, -1, -1, -3
-2, 4, 13, 5, -1, -1, 0, -2
0, 4, -4, -1, 1, -1, 2, 9
10, 70, 9, 7, 4, 2, 2, -2
2, 1, 14, 2, -1, 1, -1, 4
-4, -7, 32, 3, 0, -1, 0, 4
0, -12, -11, -4, -2, -3, -1, -5
1, 0, 0, -3, -2, 0, -2, 2
-2, -9, 5, -1, -1, -1, -2, -3
-3, -13, 1, -3, -1, -1, -1, -5
1, -1, 1, 2, -1, -2, 0, -9
-8, -15, -8, 3, -1, -2, -6, -42
-3, -4, 0, -1, -1, 1, 2, -4
-2, 6, 10, 1, -3, -3, -1, 4
-2, -7, -10, -3, -1, 3, -2, -4
4, 1, 2, 5, -2, -1, -1, 1
0, -8, -1, -2, -1, 2, 1, 13
-3, -8, -25, -2, -1, -3, -1, -17
4, 11, 4, -4, -8, 0, 0, -3
-2, -18, 7, 0, 1, -1, 0, -2
3, -1, -2, 7, 3, -1, 0, 11
0, 31, 13, -4, 0, 0, -1, -7
2, 7, 8, -5, 0, -2, 2, 4
-3, -14, -2, -5, -1, -1, -3, -3
-3, -3, -8, -2, -1, 0, 0, 4
-1, 0, 9, 2, 3, 1, 1, 0
0, -7, -10, 1, 0, -3, -3, -5
1, 0, 2, -1, -1, -2, -1, -2
-7, 8, 7, -5, 1, 0, 0, 0
-3, -71, -22, -4, -5, -3, -5, 14
2, 43, -8, 3, 0, 1, 0, 2
3, -4, 9, 5, -1, -1, -1, 5
-2, -34, 0, 0, 0, -1, -3, -1
8, -7, -6, -1, -1, 0, -5, 0
-3, -35, -9, -3, -1, 1, -2, -10
-4, -19, 1, 2, -1, -1, 0, 4
1, 5, 14, 0, 0, -2, 0, -6
-1, 9, 3, -1, 0, 0, 1, -3
-2, 3, -12, -3, -2, -2, 1, 17
4, 2, 5, -3, -2, -1, -1, -3
-7, -19, 10, 4, 1, 0, 3, 9
0, 4, -3, -1, 0, -3, 2, 5
-2, 8, 4, -1, -2, -1, -5, 4
5, 1, -3, -4, 1, -1, -2, 5
-2, -12, 5, -2, 1, -1, 2, 0
2, 4, 8, 0, -1, 1, -2, 18
-1, -8, -4, 1, 2, -1, 3, 5
-1, 3, -5, -1, 0, 0, 0, -4
-5, -11, -3, 0, 0, -4, -33, -72
-2, -8, -3, -14, 1, -1, -4, 23
-3, 12, 2, 5, 0, 1, -3, -26
-2, -8, -5, -2, 0, 0, 0, 0
2, 7, 2, 1, -1, -1, 3, 14
-8, -14, -2, -1, -1, -1, 3, -9
3, 21, 6, -2, -2, 0, 2, -8
-2, -19, -17, -3, -4, 1, 4, -22
5, 21, 8, -5, 1, -1, -8, -4
-1, 6, 4, -3, -2, -1, 2, 9
0, 0, -2, -1, 0, 0, 0, 3
2, 9, -1, 0, -2, -1, -5, -9
2, -5, 6, 1, -3, -2, 2, 0
3, -22, 3, 5, -2, 0, -6, 28
-8, -51, -15, -4, -2, -3, -5, -9
0, -2, 1, -3, 0, -1, 3, -10
3, -4, -11, 2, -2, -1, 8, 8
1, 1, -6, 0, 1, 1, 2, 19
2, 15, 1, 0, -3, -1, 0, 22
3, 11, 6, 2, -1, 0, 7, -3
-1, 30, 10, 3, 1, 0, 2, -3
-4, -10, 1, 4, 0, -2, 4, 4
-2, -4, -12, 2, 0, -1, -11, -13
-1, -5, 4, -2, 0, -1, 6, -13
-2, 22, 3, 0, 0, -2, 4, 6
4, 0, -10, 0, -3, 0, -1, 21
0, 17, 5, 2, 2, -1, -8, -14
0, -4, 5, 3, 0, 2, 1, -4
-3, 5, -8, 0, 0, 1, -2, 7
2, 12, 9, 2, -1, 0, -3, -4
4, 19, 3, 2, 1, -3, 2, 7
-4, 0, -3, -4, 0, 1, 3, -5
2, 0, 3, 4, 0, 0, 3, 8
-2, 2, 5, -3, 1, 0, 4, -8
0, 12, 2, 2, 1, 4, 0, -13
-1, 13, 12, 3, -2, -2, -9, -10
1, -10, -2, 4, 1, -1, -1, 11
-1, -2, -2, 0, -2, 0, 0, -3
-9, -12, 3, 7, 1, 1, 0, 3
4, 9, -1, -10, 0, 1, 1, 8
4, -1, 3, 1, -2, 2, -3, 18
-1, -8, -10, -1, -2, -1, 0, 6
0, 0, 5, 4, -2, -2, -2, -7
5, 2, 2, 0, -1, -3, -1, -3
-4, -8, -3, 1, 2, 1, -3, 0
-4, 7, -2, 0, 1, 2, 7, -11
1, 3, -3, -1, -1, -1, 3, 9
2, 2, -2, 2, 0, 1, 0, -1
-1, -11, -22, 1, 1, 0, -3, 5
1, -6, 9, -4, 1, 0, 1, 2
-26, -11, -7, 0, 4, -1, 1, -2
3, 5, -10, 8, 0, 0, -1, 1
-14, -25, -66, -15, -6, 3, -3, -3
-16, -13, 22, 14, 6, -1, 0, -5
8, 10, 20, 2, 1, 0, -2, -8
1, -5, 0, -5, -10, -3, -1, -7
0, -14, -11, -1, 0, -1, -2, -3
-3, -29, -43, 0, 2, 2, -1, 2
-4, 7, -1, -13, -4, 0, 0, -2
-5, 2, -2, -4, -3, 0, 0, -13
3, 14, 11, 9, 2, -1, -1, -1
-5, -20, 2, 0, -4, -2, -1, -10
0, -2, -21, -2, -2, -3, -1, 5
1, -2, -9, 0, 1, 0, -1, -2
-4, 4, 2, 4, 2, 2, 0, 3
-1, -12, -13, -6, -3, 0, -1, -2
-3, -26, -12, -3, -1, -2, -3, -17
-2, -10, -4, -4, -2, -1, 1, -2
-1, 14, 5, 6, 1, 1, -1, 8
1, 13, 9, -3, -2, -1, -2, 4
-4, -73, -10, -1, -4, -1, -2, 0
-3, 4, 7, 3, -1, 1, -1, -4
-5, -49, 3, -3, 0, 0, 1, -1
-1, -6, -25, -9, -3, -1, 0, -5
0, -24, -13, 1, 1, -1, -2, -1
3, -5, -1, 3, 2, -1, -2, 2
-2, -14, 7, 10, 4, 2, 0, 1
-2, -29, -39, -9, 1, -2, 0, -14
-4, -43, -52, 3, -1, -2, -2, -3
6, 6, 20, 3, 2, 0, -3, -1
-5, -1, 8, 14, 13, 0, -1, 4
-13, -45, 10, 6, 1, -1, 0, -4
3, 11, 51, 2, 3, -1, 0, -3
5, 18, 45, 20, 0, 2, 2, 1
-4, -10, 5, 2, 3, -1, 3, 13
-15, -28, 0, 33, 11, -4, -6, -13
2, 19, 3, -9, -8, -1, 1, 12
-11, -37, -32, -3, -4, -2, 1, -16
0, -4, 8, 4, 6, 0, 0, 22
-6, -4, -4, -3, -4, -5, 3, -12
-9, -52, -10, 1, 1, 0, -2, -10
-1, 0, 14, 15, 14, 0, 1, -1
0, -1, 3, -29, 0, 1, -1, -14
-12, -44, -21, 4, 2, -4, -1, -12
5, -15, -10, -17, -4, -2, 1, -5
6, 10, 14, 10, 3, 2, -1, 14
-3, -3, -1, 5, 2, 0, -2, -5
-28, -68, -18, -11, -10, -6, -2, -9
21, 51, 13, -12, -1, 0, 5, 30
-3, -21, -19, 9, -2, 0, -15, -28
-4, -48, 16, -2, -3, -2, -3, 12
-5, -33, -4, -2, 0, 1, 3, -16
0, -2, -39, -12, -11, 1, 0, -2
-1, -3, 26, -10, 5, 2, -1, -10
-1, -54, 21, 13, 21, 8, 2, -2
-4, 23, 13, 17, 14, 6, 2, 8
0, -1, 7, 8, 1, 0, -4, -3
9, 53, -2, 10, 1, 2, 1, -1
-13, -18, -13, -17, -8, -3, -4, -2
2, -10, 8, 8, 2, -1, -1, 2
-12, -13, 5, 27, 13, 1, -2, 1
5, 80, 25, 28, 15, 6, 3, 4
-1, -9, -3, 2, 2, -1, -1, -7
5, 28, 5, -13, -2, 0, 0, 2
0, -3, -22, -25, -7, 0, -1, 2
-7, -33, -53, 7, 2, 1, -2, -4
-3, 14, -16, 6, -2, 1, 1, 5
-3, -38, 1, 7, 4, 0, 0, 5
-1, -5, -12, -46, -16, -2, -3, -12
3, -29, 5, -2, -2, -1, 2, 3
4, -8, 7, 7, -1, 1, -3, 2
-12, -5, -1, 17, 2, 0, 0, 1
-2, -1, 24, 3, -1, -3, -3, 5
-12, -16, 2, 18, 6, -1, 5, 12
-3, 1, -4, -6, -4, -3, -1, -9
7, 22, 12, 12, 2, 1, 0, 11
-1, -14, -10, 0, -3, -3, -3, 3
0, -1, -10, 4, 3, 0, 0, 8
3, 8, 5, -3, -5, -1, -1, 4
8, 18, -4, -11, -5, 1, 0, 6
-10, -58, -37, -23, -16, -5, -4, -7
10, 43, -10, 17, 7, 0, -2, -21
14, -1, -4, 21, 7, 4, 2, -1
-1, -2, -14, 4, 14, 0, 2, 24
21, 15, 15, 16, 9, 3, 2, 11
9, 36, 61, 20, 8, 4, 6, 38
3, -8, 25, 1, 5, 4, 4, 10
21, 12, 0, -2, -6, -6, -9, -27
-1, -11, -10, -5, 16, 0, 0, 1
-4, 3, 0, -2, 7, 5, 3, -2
-8, -11, -42, -14, -8, -2, 1, -4
-4, -21, -9, 1, -2, 2, 11, 16
-11, -76, 7, 11, -1, -3, -4, -4
10, 13, -2, 15, 1, -2, 0, 21
1, -29, 4, 1, 0, 0, 1, 3
-2, 2, -57, -16, 0, 0, -1, -12
-1, -28, 5, -2, 1, -3, -1, -3
0, -1, 19, -5, -3, -1, 2, 9
-5, -28, -21, -7, 1, -2, -2, 1
5, 13, 30, 6, 0, -1, -1, -5
-1, 0, 8, -5, -1, 0, -2, 11
1, 33, 28, -12, -3, -1, -1, 6
-6, -7, -2, 4, 0, -2, -2, -16
3, 1, -7, 2, 1, -1, 1, 9
-2, 5, 7, -4, -2, 0, 4, 1
0, 3, 39, 17, 1, 2, 5, -5
6, 7, -2, 3, -1, -2, -2, -3
-1, 1, 3, -5, 0, 0, 0, 1
-2, 2, -21, -3, -2, 1, -1, -3
11, -4, 16, 0, 0, 0, 1, -1
-5, -5, 0, -3, -2, -2, 0, -11
1, -9, 8, 4, 0, 0, -2, 5
0, 5, -3, 0, -3, 1, 1, 3
-4, -16, -8, 3, -3, -2, 2, -1
-1, -3, 5, 4, 2, 1, -1, -7
3, 20, 8, 2, -1, 2, 3, 5
0, 3, -1, -2, -2, 0, -1, -6
0, 17, 38, 5, -2, -1, 2, 4
0, 8, 18, -10, -3, 1, 6, -1
1, 10, 33, 13, -2, -2, -2, 1
4, 26, 7, -16, 2, 1, 3, -4
-3, 4, -23, 6, -1, 2, 0, -9
4, -15, 1, 7, -2, -2, -1, -2
2, -10, -35, 16, 2, -2, 4, -10
-1, -3, -12, 3, 0, 0, -1, 1
-12, 9, 7, -7, -8, -3, 0, -17
3, -16, 29, 9, 1, -1, 2, -1
8, -2, -42, 70, 17, -3, -2, -4
0, -6, 4, -3, 0, -1, 1, 15
6, 18, -14, 13, 6, 1, -1, -3
5, -6, -20, -4, -8, -3, 11, 9
-8, -61, -16, -16, -6, -3, 2, 5
-6, 23, 11, -27, -7, -4, -1, 3
-3, -34, -21, -36, 4, 0, -3, -6
-14, -23, -16, -19, -3, -1, -7, 19
-2, 58, 20, 16, 1, -1, -12, -36
3, 57, 44, 16, -1, 2, 0, -3
4, 16, 0, -4, -5, 0, -2, -3
0, -3, 10, -15, -4, 0, 0, -4
-6, 45, -16, -4, -2, -3, -2, 3
-6, -11, -1, -5, -2, -2, 0, 9
10, 37, -6, 0, 4, 1, 0, 14
-5, 1, -32, -8, -4, -2, -2, -11
-1, -8, -9, -12, -2, -3, -3, -26
0, 0, 0, 0, 0, 0, 0, 0
0, 0, 0, 0, 0, 0, 0, 0
0, 0, 0, 0, 0, 0, 0, 0
0, 0, 0, 0, 0, 0, 0, 0
0, 0, 0, 0, 0, 0, 0, 0
0, 0, 0, 0, 0, 0, 0, 0
0, 0, 0, 0, 0, 0, 0, 0
0, 0, 0, 0, 0, 0, 0, 0
0, 0, 0, 0, 0, 0, 0, 0
0, 0, 0, 0, 0, 0, 0, 0
0, 0, 0, 0, 0, 0, 0, 0
0, 0, 0, 0, 0, 0, 0, 0
0, 0, 0, 0, 0, 0, 0, 0
0, 0, 0, 0, 0, 0, 0, 0
0, 0, 0, 0, 0, 0, 0, 0
0, 0, 0, 0, 0, 0, 0, 0
0, 0, 0, 0, 0, 0, 0, 0
0, 0, 0, 0, 0, 0, 0, 0
0, 0, 0, 0, 0, 0, 0, 0
0, 0, 0, 0, 0, 0, 0, 0
0, 0, 0, 0, 0, 0, 0, 0
0, 0, 0, 0, 0, 0, 0, 0
0, 0, 0, 0, 0, 0, 0, 0
0, 0, 0, 0, 0, 0, 0, 0
0, 0, 0, 0, 0, 0, 0, 0
0, 0, 0, 0, 0, 0, 0, 0
0, 0, 0, 0, 0, 0, 0, 0
0, 0, 0, 0, 0, 0, 0, 0
0, 0, 0, 0, 0, 0, 0, 0
0, 0, 0, 0, 0, 0, 0, 0
0, 0, 0, 0, 0, 0, 0, 0
0, 0, 0, 0, 0, 0, 0, 0
0, 0, 0, 0, 0, 0, 0, 0
0, 0, 0, 0, 0, 0, 0, 0
0, 0, 0, 0, 0, 0, 0, 0
0, 0, 0, 0, 0, 0, 0, 0
0, 0, 0, 0, 0, 0, 0, 0
0, 0, 0, 0, 0, 0, 0, 0
0, 0, 0, 0, 0, 0, 0, 0
0, 0, 0, 0, 0, 0, 0, 0
0, 0, 0, 0, 0, 0, 0, 0
0, 0, 0, 0, 0, 0, 0, 0
0, 0, 0, 0, 0, 0, 0, 0
0, 0, 0, 0, 0, 0, 0, 0
0, 0, 0, 0, 0, 0, 0, 0
0, 0, 0, 0, 0, 0, 0, 0
0, 0, 0, 0, 0, 0, 0, 0
0, 0, 0, 0, 0, 0, 0, 0
0, 0, 0, 0, 0, 0, 0, 0
0, 0, 0, 0, 0, 0, 0, 0
0, 0, 0, 0, 0, 0, 0, 0
0, 0, 0, 0, 0, 0, 0, 0
0, 0, 0, 0, 0, 0, 0, 0
0, 0, 0, 0, 0, 0, 0, 0
0, 0, 0, 0, 0, 0, 0, 0
0, 0, 0, 0, 0, 0, 0, 0
0, 0, 0, 0, 0, 0, 0, 0
0, 0, 0, 0, 0, 0, 0, 0
0, 0, 0, 0, 0, 0, 0, 0
0, 0, 0, 0, 0, 0, 0, 0
0, 0, 0, 0, 0, 0, 0, 0
0, 0, 0, 0, 0, 0, 0, 0
0, 0, 0, 0, 0, 0, 0, 0
0, 0, 0, 0, 0, 0, 0, 0
0, 0, 0, 0, 0, 0, 0, 0
0, 0, 0, 0, 0, 0, 0, 0
0, 0, 0, 0, 0, 0, 0, 0
0, 0, 0, 0, 0, 0, 0, 0
0, 0, 0, 0, 0, 0, 0, 0
0, 0, 0, 0, 0, 0, 0, 0
0, 0, 0, 0, 0, 0, 0, 0
0, 0, 0, 0, 0, 0, 0, 0
0, 0, 0, 0, 0, 0, 0, 0
0, 0, 0, 0, 0, 0, 0, 0
0, 0, 0, 0, 0, 0, 0, 0
0, 0, 0, 0, 0, 0, 0, 0
0, 0, 0, 0, 0, 0, 0, 0
0, 0, 0, 0, 0, 0, 0, 0
0, 0, 0, 0, 0, 0, 0, 0
0, 0, 0, 0, 0, 0, 0, 0
0, 0, 0, 0, 0, 0, 0, 0
0, 0, 0, 0, 0, 0, 0, 0
0, 0, 0, 0, 0, 0, 0, 0
0, 0, 0, 0, 0, 0, 0, 0
0, 0, 0, 0, 0, 0, 0, 0
0, 0, 0, 0, 0, 0, 0, 0
0, 0, 0, 0, 0, 0, 0, 0
0, 0, 0, 0, 0, 0, 0, 0
0, 0, 0, 0, 0, 0, 0, 0
0, 0, 0, 0, 0, 0, 0, 0
0, 0, 0, 0, 0, 0, 0, 0
0, 0, 0, 0, 0, 0, 0, 0
0, 0, 0, 0, 0, 0, 0, 0
0, 0, 0, 0, 0, 0, 0, 0
0, 0, 0, 0, 0, 0, 0, 0
0, 0, 0, 0, 0, 0, 0, 0
0, 0, 0, 0, 0, 0, 0, 0
0, 0, 0, 0, 0, 0, 0, 0
0, 0, 0, 0, 0, 0, 0, 0
0, 0, 0, 0, 0, 0, 0, 0
0, 0, 0, 0, 0, 0, 0, 0
0, 0, 0, 0, 0, 0, 0, 0
0, 0, 0, 0, 0, 0, 0, 0
0, 0, 0, 0, 0, 0, 0, 0
0, 0, 0, 0, 0, 0, 0, 0
0, 0, 0, 0, 0, 0, 0, 0
0, 0, 0, 0, 0, 0, 0, 0
0, 0, 0, 0, 0, 0, 0, 0
0, 0, 0, 0, 0, 0, 0, 0
0, 0, 0, 0, 0, 0, 0, 0
0, 0, 0, 0, 0, 0, 0, 0
0, 0, 0, 0, 0, 0, 0, 0
0, 0, 0, 0, 0, 0, 0, 0
0, 0, 0, 0, 0, 0, 0, 0
0, 0, 0, 0, 0, 0, 0, 0
0, 0, 0, 0, 0, 0, 0, 0
0, 0, 0, 0, 0, 0, 0, 0
0, 0, 0, 0, 0, 0, 0, 0
0, 0, 0, 0, 0, 0, 0, 0
0, 0, 0, 0, 0, 0, 0, 0
0, 0, 0, 0, 0, 0, 0, 0
0, 0, 0, 0, 0, 0, 0, 0
0, 0, 0, 0, 0, 0, 0, 0
0, 0, 0, 0, 0, 0, 0, 0
0, 0, 0, 0, 0, 0, 0, 0
0, 0, 0, 0, 0, 0, 0, 0
0, 0, 0, 0, 0, 0, 0, 0
0, 0, 0, 0, 0, 0, 0, 0
0, 0, 0, 0, 0, 0, 0, 0
0, 0, 0, 0, 0, 0, 0, 0
0, 0, 0, 0, 0, 0, 0, 0
0, 0, 0, 0, 0, 0, 0, 0
0, 0, 0, 0, 0, 0, 0, 0
0, 0, 0, 0, 0, 0, 0, 0
0, 0, 0, 0, 0, 0, 0, 0
0, 0, 0, 0, 0, 0, 0, 0
0, 0, 0, 0, 0, 0, 0, 0
0, 0, 0, 0, 0, 0, 0, 0
0, 0, 0, 0, 0, 0, 0, 0
0, 0, 0, 0, 0, 0, 0, 0
0, 0, 0, 0, 0, 0, 0, 0
0, 0, 0, 0, 0, 0, 0, 0
0, 0, 0, 0, 0, 0, 0, 0
0, 0, 0, 0, 0, 0, 0, 0
0, 0, 0, 0, 0, 0, 0, 0
0, 0, 0, 0, 0, 0, 0, 0
0, 0, 0, 0, 0, 0, 0, 0
0, 0, 0, 0, 0, 0, 0, 0
0, 0, 0, 0, 0, 0, 0, 0
0, 0, 0, 0, 0, 0, 0, 0
0, 0, 0, 0, 0, 0, 0, 0
0, 0, 0, 0, 0, 0, 0, 0
0, 0, 0, 0, 0, 0, 0, 0
0, 0, 0, 0, 0, 0, 0, 0
0, 0, 0, 0, 0, 0, 0, 0
0, 0, 0, 0, 0, 0, 0, 0
0, 0, 0, 0, 0, 0, 0, 0
0, 0, 0, 0, 0, 0, 0, 0
0, 0, 0, 0, 0, 0, 0, 0
0, 0, 0, 0, 0, 0, 0, 0
0, 0, 0, 0, 0, 0, 0, 0
0, 0, 0, 0, 0, 0, 0, 0
0, 0, 0, 0, 0, 0, 0, 0
0, 0, 0, 0, 0, 0, 0, 0
0, 0, 0, 0, 0, 0, 0, 0
0, 0, 0, 0, 0, 0, 0, 0
0, 0, 0, 0, 0, 0, 0, 0
0, 0, 0, 0, 0, 0, 0, 0
0, 0, 0, 0, 0, 0, 0, 0
0, 0, 0, 0, 0, 0, 0, 0
0, 0, 0, 0, 0, 0, 0, 0
0, 0, 0, 0, 0, 0, 0, 0
0, 0, 0, 0, 0, 0, 0, 0
0, 0, 0, 0, 0, 0, 0, 0
0, 0, 0, 0, 0, 0, 0, 0
0, 0, 0, 0, 0, 0, 0, 0
0, 0, 0, 0, 0, 0, 0, 0
0, 0, 0, 0, 0, 0, 0, 0
0, 0, 0, 0, 0, 0, 0, 0
0, 0, 0, 0, 0, 0, 0, 0
0, 0, 0, 0, 0, 0, 0, 0
0, 0, 0, 0, 0, 0, 0, 0
0, 0, 0, 0, 0, 0, 0, 0
0, 0, 0, 0, 0, 0, 0, 0
0, 0, 0, 0, 0, 0, 0, 0
0, 0, 0, 0, 0, 0, 0, 0
0, 0, 0, 0, 0, 0, 0, 0
0, 0, 0, 0, 0, 0, 0, 0
0, 0, 0, 0, 0, 0, 0, 0
0, 0, 0, 0, 0, 0, 0, 0
0, 0, 0, 0, 0, 0, 0, 0
0, 0, 0, 0, 0, 0, 0, 0
0, 0, 0, 0, 0, 0, 0, 0
0, 0, 0, 0, 0, 0, 0, 0
0, 0, 0, 0, 0, 0, 0, 0
0, 0, 0, 0, 0, 0, 0, 0
0, 0, 0, 0, 0, 0, 0, 0
0, 0, 0, 0, 0, 0, 0, 0
0, 0, 0, 0, 0, 0, 0, 0
0, 0, 0, 0, 0, 0, 0, 0
0, 0, 0, 0, 0, 0, 0, 0
0, 0, 0, 0, 0, 0, 0, 0
0, 0, 0, 0, 0, 0, 0, 0
0, 0, 0, 0, 0, 0, 0, 0
0, 0, 0, 0, 0, 0, 0, 0
0, 0, 0, 0, 0, 0, 0, 0
0, 0, 0, 0, 0, 0, 0, 0
0, 0, 0, 0, 0, 0, 0, 0
0, 0, 0, 0, 0, 0, 0, 0
0, 0, 0, 0, 0, 0, 0, 0
0, 0, 0, 0, 0, 0, 0, 0
0, 0, 0, 0, 0, 0, 0, 0
0, 0, 0, 0, 0, 0, 0, 0
0, 0, 0, 0, 0, 0, 0, 0
0, 0, 0, 0, 0, 0, 0, 0
0, 0, 0, 0, 0, 0, 0, 0
0, 0, 0, 0, 0, 0, 0, 0
0, 0, 0, 0, 0, 0, 0, 0
0, 0, 0, 0, 0, 0, 0, 0
0, 0, 0, 0, 0, 0, 0, 0
0, 0, 0, 0, 0, 0, 0, 0
0, 0, 0, 0, 0, 0, 0, 0
0, 0, 0, 0, 0, 0, 0, 0
0, 0, 0, 0, 0, 0, 0, 0
0, 0, 0, 0, 0, 0, 0, 0
0, 0, 0, 0, 0, 0, 0, 0
0, 0, 0, 0, 0, 0, 0, 0
0, 0, 0, 0, 0, 0, 0, 0
0, 0, 0, 0, 0, 0, 0, 0
0, 0, 0, 0, 0, 0, 0, 0
0, 0, 0, 0, 0, 0, 0, 0
0, 0, 0, 0, 0, 0, 0, 0
0, 0, 0, 0, 0, 0, 0, 0
0, 0, 0, 0, 0, 0, 0, 0
0, 0, 0, 0, 0, 0, 0, 0
0, 0, 0, 0, 0, 0, 0, 0
0, 0, 0, 0, 0, 0, 0, 0
0, 0, 0, 0, 0, 0, 0, 0
0, 0, 0, 0, 0, 0, 0, 0
0, 0, 0, 0, 0, 0, 0, 0
0, 0, 0, 0, 0, 0, 0, 0
0, 0, 0, 0, 0, 0, 0, 0
0, 0, 0, 0, 0, 0, 0, 0
0, 0, 0, 0, 0, 0, 0, 0
0, 0, 0, 0, 0, 0, 0, 0
0, 0, 0, 0, 0, 0, 0, 0
0, 0, 0, 0, 0, 0, 0, 0
0, 0, 0, 0, 0, 0, 0, 0
0, 0, 0, 0, 0, 0, 0, 0
0, 0, 0, 0, 0, 0, 0, 0
0, 0, 0, 0, 0, 0, 0, 0
0, 0, 0, 0, 0, 0, 0, 0
0, 0, 0, 0, 0, 0, 0, 0
0, 0, 0, 0, 0, 0, 0, 0
0, 0, 0, 0, 0, 0, 0, 0
0, 0, 0, 0, 0, 0, 0, 0
-1, -1, -2, -1, 0, 2, 0, 0
-2, -2, -2, -1, -1, 0, 0, -1
1, -1, 1, -2, 0, -2, -1, 0
0, -1, 0, 0, -1, 0, 0, 0
-1, 0, 0, 0, -1, -1, 1, 1
0, 0, -1, -2, -1, -2, 1, -2
0, 0, -1, -2, -1, 1, -1, -1
-2, -1, -1, -1, 0, -2, -2, -1
-1, 0, -1, 1, -2, 1, 1, 1
-1, 0, 0, 0, 0, -1, 0, 2
-1, -5, -1, -1, -2, -2, -3, -1
-2, 1, -1, 0, 1, -1, -1, -2
-2, -2, -1, -1, 0, -1, -1, -1
0, 0, -1, -3, 0, -1, -1, -1
-3, 2, -1, -1, -2, 2, 0, -1
0, -1, -1, -1, -2, -2, 0, 0
-2, -1, -1, 0, -1, -1, -2, 1
-2, 0, -1, 1, -1, -1, -2, -3
-1, -2, -1, -3, -1, -1, 0, 0
0, -2, -1, -3, -1, -2, -2, -2
-2, -1, 3, 2, 1, 1, -2, 1
0, 1, 1, -1, 1, -1, 0, 0
1, -1, -1, -3, -2, -2, -3, -1
0, -1, -1, -1, 0, 0, 0, -3
1, 0, 0, 1, 0, 0, 0, 0
-1, -2, 0, -1, -1, -2, -2, 0
-2, -1, -2, -1, 0, 1, 1, 0
-1, -1, -1, 0, -1, 0, 0, 1
0, 0, -2, 0, -1, 0, 0, 0
1, -3, 0, 0, 0, -1, -1, 0
0, -2, 1, -2, -1, -3, -1, -1
0, -1, -2, -1, -1, 0, -2, -1
-1, -1, 2, -1, -1, -1, 1, -3
-2, 1, -2, 0, -1, -2, -3, -1
0, -1, -1, -1, -1, -2, -2, 2
-1, -1, -2, 1, 0, 1, -3, 0
-2, -1, 4, 1, 0, 2, 1, 7
4, -7, -47, -28, -9, -7, 0, -1
-2, 3, -3, 5, -2, 5, 4, 0
-3, -7, 9, -9, -9, -2, 1, -2
1, 3, -7, -18, 0, -3, -1, -2
5, 2, -29, -21, -11, -6, -2, 0
-7, -11, 7, 2, -2, -2, -4, -3
3, 29, -25, 3, 2, 2, 2, 2
-9, -9, -18, -3, -1, -2, -1, -2
1, 16, 15, 11, -3, -2, -2, -1
2, -4, -3, 3, -1, -1, -1, 1
4, 10, -5, -9, -2, -3, -1, 0
2, -5, 0, 5, 1, 1, 1, 1
2, 2, 16, 7, 2, 0, 0, 0
-2, -10, -8, 10, 2, 3, -1, -2
2, -23, -55, 1, -5, 1, 3, -3
-1, -56, -36, -18, -11, 3, -4, -3
-6, -20, -35, 3, 19, 8, 3, 1
-1, 0, 11, 4, -1, -4, -3, -2
-4, -44, 8, -2, -6, -4, -4, -2
-2, -4, -2, 1, 2, -1, 0, 1
4, -7, 9, -8, -1, -3, 3, 1
0, -6, -6, -6, -3, -2, -1, -3
-14, -11, -15, -6, -11, -9, -7, -8
3, -1, 22, 8, 4, 4, 2, 0
2, -7, 4, -7, -6, -3, 0, 1
4, 6, 19, 20, -8, -6, -2, -1
-5, -3, 15, -5, -4, -5, -4, -6
1, -4, -37, -6, 0, 0, 0, 0
-1, 1, 10, -3, -2, -1, 0, -1
-1, 1, -1, 1, -2, -2, 0, -3
-6, -11, -33, -10, -6, -6, -5, -6
0, 2, 26, 0, 0, 0, -1, -1
-1, -3, 10, -6, -2, -2, 0, -1
1, 1, -5, 1, -1, -3, -1, -2
1, -2, 0, 0, 1, 1, 1, 1
6, 18, 48, 9, 3, 2, 1, 1
-4, -6, -45, -7, -3, -1, -2, -2
-1, 0, -1, 1, 0, -1, 0, -2
-5, -14, -28, -9, -3, -4, -1, -5
-1, 0, 10, 2, 0, 1, 1, 2
1, 1, 8, 2, -1, 0, 0, -1
-4, 0, 1, -1, -2, -1, -2, 0
0, -7, -16, 3, 2, -1, -2, -1
0, -3, -1, -1, 0, -1, 1, 2
-1, -1, 1, -2, 0, -1, -1, 0
-1, -1, 5, 5, -2, -3, 1, -2
2, 2, 15, 2, 1, -1, 1, 0
0, -3, -11, -4, -2, -1, -1, 0
3, 4, -5, -3, -1, -2, 0, 1
-2, -4, -52, -4, -1, -3, -2, -3
1, 0, 6, -1, -3, 1, 0, -1
0, -5, 7, -2, -1, 0, 1, 0
1, 0, 4, 2, 1, -1, -1, -1
-1, -10, -12, -1, -1, -1, -1, -1
-1, 0, -13, 1, 2, 1, 0, -1
-1, 1, -7, 1, -1, 0, -1, 2
-1, -4, -55, -5, -2, -2, 11, 5
-2, -6, -45, -2, -1, -2, -1, -1
0, 2, 7, 1, -1, -2, -3, -1
-1, 1, 2, 1, 1, -1, 0, 0
1, 1, 28, 4, 0, -1, -1, -1
-2, -5, -4, -1, 0, 1, 0, -1
-2, 4, 3, 3, 0, 0, -2, 1
-1, 0, 1, -3, -3, -2, -1, -2
2, 2, 9, 3, 2, 2, 0, 0
-1, -5, -11, -6, -4, -1, -3, -1
1, 2, 10, -1, 0, -1, -2, -1
1, 1, 16, 1, 0, 1, -2, 2
1, -3, -2, 1, 0, -2, -1, 0
-2, -3, -34, -2, -2, -2, -1, -2
-1, -5, 0, -4, -2, -1, -1, -2
1, 0, 24, 5, 1, 1, 0, 0
0, -1, -18, -4, -1, -1, 0, 0
-1, 12, -1, 3, 4, -1, 0, -1
0, -3, -16, -4, -2, -2, 0, -1
-1, -5, -31, -6, -2, 0, -1, 1
0, 2, 2, 3, -1, 0, -1, 1
-2, -1, -18, -5, -1, 0, -2, 0
-1, 0, 11, 2, -2, -2, -1, 1
-1, -4, -41, -5, -1, 0, 0, -2
-1, 4, -3, -3, -2, 0, -3, -2
-3, 0, -2, -1, -2, 0, -2, -6
2, 3, -4, 2, 1, 0, -1, -3
2, 4, 9, 0, -1, -1, 1, 0
-2, -2, 0, -4, -2, 1, 1, -1
0, 5, -23, -2, -2, -1, -2, -1
-2, -9, -71, -5, -1, -1, -2, -1
-3, 5, 22, -1, 0, -1, 0, 0
-3, -5, -13, 0, 2, 0, 0, 1
-1, 5, 14, 0, 2, 0, -1, 2
-1, -1, -5, 1, 1, 0, -1, -1
0, 1, 16, -1, -1, 0, 0, -1
0, 4, 6, 4, 0, 0, -1, -1
-2, -4, 2, 0, -2, -1, 0, -3
-2, -4, 5, 0, -2, -1, -1, -1
-1, 0, 9, 2, 0, -2, -1, 0
-3, -4, -6, -3, -1, 0, -1, 0
0, -2, -6, -1, -2, -1, 0, -2
0, -2, -1, 4, 0, 1, 0, -2
-2, -2, 6, -1, -2, 0, -2, 1
0, -3, 0, -1, -1, -1, -1, 2
0, 2, 5, 0, 1, 0, -1, -1
1, -3, -10, 0, -1, -1, 1, -1
0, -1, -19, 0, 0, 0, 0, 0
1, 3, 5, 1, 1, -2, -1, 0
2, 4, 2, 7, 4, 0, 0, 1
-3, -6, -27, -4, -2, -2, -1, -1
-2, -4, -27, -4, 0, -2, 0, 3
-1, -1, -9, -1, -3, -1, -2, -2
-2, -5, -14, 0, -1, -2, 0, -2
0, -2, -7, -4, -1, 0, -2, 2
2, 2, -7, -12, -3, -1, -2, 2
1, 2, 5, 0, 0, 0, 0, 0
0, 7, 28, 0, -1, 0, -2, -1
-1, -3, -16, -1, 2, 1, -3, -1
0, -3, -7, 2, 0, 1, 0, 2
-1, 4, 3, -2, -1, -1, -1, -1
-2, -4, -3, -4, -2, -1, 0, -3
0, 5, 8, 1, -3, -1, -1, 0
0, 3, 10, 1, 2, 0, 0, 2
-1, -3, -14, -4, 0, 0, 1, 0
-2, -5, 2, 1, -2, -1, -2, -2
0, 0, -3, -2, -2, -1, -1, 0
-1, 1, 10, -3, 2, 0, -2, 1
-5, -14, -6, -3, -3, -2, -2, -2
-4, -16, -10, -4, -5, -3, -1, 0
1, 2, 4, -7, -1, -2, -1, 0
1, 6, 26, 2, 1, 0, 0, 0
3, 3, 6, 0, 1, 0, -1, -1
-1, 0, 2, 6, 1, -1, 1, 1
0, 1, 0, -6, -2, -1, -1, -1
